设备=cuda torch=2.6.0+cu124 数据根=/mnt/sdb/home/liuqr/Dataset/data/data
标签=/mnt/sdb/home/liuqr/Dataset/labeled_anomalies.csv 通道数=81
配置: iters_list=[6000] t_starts=[200, 300, 400, 500, 600, 700, 800] scores=['paper', 'zval_mean', 'zval_max', 'zself_mean', 'zself_max'] sampler=ddim n_sample=2 base=32 调度=cosine T=1000 keep_dead_cols=False

======================================================================================================================
### E-1 | 变量=25 活列=18 | 测试点=8516 异常点=508 (5.97%) | 类=[contextual, contextual]
[Q1 数据] 训练段恒定列=7  测试段恒定列=1  训练恒定但测试有变化=6
[Q1 数据] 异常最敏感变量 top5 (变量号, 异常区|z|/正常区|z|, 异常区|z|, 正常区|z|): v0:1.21x(0.97/0.80)  v2:0.88x(0.11/0.12)  v19:0.85x(0.17/0.20)  v12:0.85x(0.03/0.03)  v6:0.81x(0.48/0.58)
[Q2 模型] eps-MSE by t: t0=0.8821  t50=0.2058  t100=0.1549  t200=0.1213  t400=0.0970  t600=0.0842  t800=0.0768  t999=0.0743   （1.0 = 完全没学到；<0.1 = 学得不错）

t_start    abar    残留% |       score |    val_mu    val_sd |   tstNorm   tstAnom    gap |   η=2 P   η=2 R  η=2 F1      PA |  η=3 F1      PA |  η=4 F1      PA |  oracle predPos%
--------------------------------------------------------------------------------------------------------------------------------------------------------------------------------
    200  0.8987   94.8 |       paper |   0.00719   0.01549 |   0.00754   0.01421  1.884 |   0.062   0.030   0.040   0.817 |   0.026   0.908 |   0.021   0.958 |   0.275    26.7%
    200  0.8987   94.8 |   zval_mean |  -0.00000   0.59032 |   0.04095   0.39228  9.580 |   0.056   0.051   0.053   0.697 |   0.032   0.865 |   0.021   0.935 |   0.271    25.0%
    200  0.8987   94.8 |    zval_max |   1.20012   2.83244 |   1.97039   5.94535  3.017 |   0.315   0.415   0.359   0.689 |   0.295   0.767 |   0.152   0.804 |   0.364    24.4%
    200  0.8987   94.8 |  zself_mean |   2.16097   7.44138 |   1.84493   4.26955  2.314 |   0.053   0.016   0.024   0.877 |   0.025   0.951 |   0.007   0.938 |   0.271    26.6%
    200  0.8987   94.8 |   zself_max |  15.65298  59.37090 |  16.91710  48.43920  2.863 |   0.088   0.045   0.060   0.810 |   0.047   0.867 |   0.026   0.910 |   0.335    27.8%
    300  0.7869   88.7 |       paper |   0.01346   0.02274 |   0.01361   0.02153  1.582 |   0.036   0.020   0.026   0.794 |   0.023   0.921 |   0.014   0.962 |   0.261    25.7%
    300  0.7869   88.7 |   zval_mean |  -0.00000   0.55886 |   0.02360   0.27148 11.502 |   0.036   0.031   0.034   0.704 |   0.028   0.898 |   0.007   0.929 |   0.253    23.1%
    300  0.7869   88.7 |    zval_max |   1.41605   2.81410 |   1.82431   4.49803  2.466 |   0.267   0.307   0.286   0.704 |   0.121   0.791 |   0.058   0.836 |   0.313    21.4%
    300  0.7869   88.7 |  zself_mean |   1.63232   4.96279 |   1.34916   2.70675  2.006 |   0.052   0.016   0.024   0.874 |   0.024   0.944 |   0.007   0.943 |   0.255    25.2%
    300  0.7869   88.7 |   zself_max |  12.48783  39.21923 |  12.48508  30.28769  2.426 |   0.074   0.039   0.051   0.802 |   0.027   0.877 |   0.017   0.925 |   0.292    26.6%
    400  0.6475   80.5 |       paper |   0.02283   0.03115 |   0.02283   0.03153  1.381 |   0.036   0.020   0.025   0.791 |   0.023   0.917 |   0.011   0.967 |   0.243    24.5%
    400  0.6475   80.5 |   zval_mean |   0.00000   0.52845 |   0.01645   0.20183 12.266 |   0.037   0.030   0.033   0.723 |   0.016   0.905 |   0.007   0.930 |   0.233    20.7%
    400  0.6475   80.5 |    zval_max |   1.63131   2.69586 |   1.85561   3.71594  2.003 |   0.137   0.140   0.138   0.694 |   0.061   0.797 |   0.032   0.854 |   0.276    19.7%
    400  0.6475   80.5 |  zself_mean |   1.24011   3.46521 |   1.01261   1.81300  1.790 |   0.050   0.020   0.028   0.841 |   0.017   0.941 |   0.007   0.943 |   0.236    23.7%
    400  0.6475   80.5 |   zself_max |   9.84149  26.29096 |   9.67702  19.73578  2.039 |   0.056   0.033   0.042   0.779 |   0.021   0.878 |   0.014   0.939 |   0.269    25.0%
    500  0.4938   70.3 |       paper |   0.03777   0.04183 |   0.03763   0.04703  1.250 |   0.031   0.020   0.024   0.767 |   0.016   0.911 |   0.011   0.961 |   0.224    22.8%
    500  0.4938   70.3 |   zval_mean |  -0.00000   0.49556 |   0.01276   0.15357 12.032 |   0.036   0.028   0.031   0.730 |   0.010   0.913 |   0.007   0.936 |   0.198    17.8%
    500  0.4938   70.3 |    zval_max |   1.82159   2.58628 |   1.92293   3.15808  1.642 |   0.070   0.065   0.067   0.697 |   0.037   0.812 |   0.009   0.851 |   0.246    18.0%
    500  0.4938   70.3 |  zself_mean |   0.97517   2.52119 |   0.77672   1.26166  1.624 |   0.040   0.020   0.026   0.811 |   0.017   0.931 |   0.007   0.944 |   0.214    21.0%
    500  0.4938   70.3 |   zself_max |   8.01866  18.17083 |   7.70456  13.08211  1.698 |   0.042   0.028   0.033   0.760 |   0.022   0.890 |   0.014   0.955 |   0.256    23.3%
    600  0.3408   58.4 |       paper |   0.06399   0.05589 |   0.06374   0.07407  1.162 |   0.031   0.020   0.024   0.762 |   0.019   0.909 |   0.007   0.937 |   0.198    19.3%
    600  0.3408   58.4 |   zval_mean |   0.00000   0.46233 |   0.00988   0.11649 11.794 |   0.034   0.024   0.028   0.747 |   0.007   0.887 |   0.007   0.944 |   0.175    14.7%
    600  0.3408   58.4 |    zval_max |   1.95788   2.47632 |   1.94668   2.68248  1.378 |   0.048   0.041   0.044   0.707 |   0.020   0.844 |   0.007   0.905 |   0.209    16.3%
    600  0.3408   58.4 |  zself_mean |   0.76077   1.82221 |   0.59471   0.88479  1.488 |   0.034   0.018   0.023   0.799 |   0.014   0.929 |   0.007   0.945 |   0.181    17.3%
    600  0.3408   58.4 |   zself_max |   6.56626  12.30900 |   6.10846   8.48291  1.389 |   0.034   0.022   0.027   0.767 |   0.022   0.900 |   0.014   0.956 |   0.223    21.3%
    700  0.2031   45.1 |       paper |   0.11821   0.07552 |   0.11821   0.13013  1.101 |   0.025   0.016   0.019   0.763 |   0.016   0.906 |   0.007   0.944 |   0.166    14.6%
    700  0.2031   45.1 |   zval_mean |  -0.00000   0.43160 |   0.00843   0.08799 10.436 |   0.029   0.018   0.022   0.771 |   0.007   0.895 |   0.004   0.948 |   0.150    10.7%
    700  0.2031   45.1 |    zval_max |   2.06584   2.34358 |   1.92743   2.23315  1.159 |   0.036   0.024   0.029   0.760 |   0.010   0.883 |   0.004   0.933 |   0.166    14.6%
    700  0.2031   45.1 |  zself_mean |   0.58309   1.23249 |   0.44615   0.61157  1.371 |   0.026   0.014   0.018   0.796 |   0.013   0.923 |   0.007   0.945 |   0.151    11.8%
    700  0.2031   45.1 |   zself_max |   5.34628   7.79667 |   4.75913   5.28763  1.111 |   0.038   0.022   0.028   0.786 |   0.019   0.905 |   0.014   0.957 |   0.173    17.3%
    800  0.0940   30.7 |       paper |   0.27008   0.11475 |   0.27095   0.28547  1.054 |   0.024   0.014   0.018   0.784 |   0.010   0.919 |   0.004   0.951 |   0.135     9.1%
    800  0.0940   30.7 |   zval_mean |  -0.00000   0.40045 |   0.00749   0.06135  8.188 |   0.029   0.014   0.019   0.812 |   0.007   0.916 |   0.004   0.957 |   0.128     7.5%
    800  0.0940   30.7 |    zval_max |   2.17053   2.12848 |   1.87144   1.89425  1.012 |   0.027   0.010   0.014   0.852 |   0.004   0.924 |   0.004   0.943 |   0.127    12.0%
    800  0.0940   30.7 |  zself_mean |   0.42760   0.77828 |   0.32857   0.41444  1.261 |   0.025   0.012   0.016   0.812 |   0.007   0.903 |   0.004   0.953 |   0.128     8.5%
    800  0.0940   30.7 |   zself_max |   4.31591   4.47328 |   3.71107   3.61064  0.973 |   0.032   0.016   0.021   0.806 |   0.013   0.914 |   0.007   0.932 |   0.127    11.7%

[Q4 逐变量] 各 t_start 下按 (异常区误差 / 正常区误差) 排序的 top5 变量 —— 若 top 变量的比值很高但 gap 接近 1，说明是'对变量取均值'把异常稀释了
  t_start= 200: v0:4.69x  v3:2.16x  v17:1.90x  v19:1.71x  v18:1.62x
  t_start= 300: v0:4.15x  v3:1.65x  v17:1.53x  v10:1.40x  v19:1.38x
  t_start= 400: v0:3.48x  v3:1.33x  v17:1.31x  v10:1.29x  v19:1.21x
  t_start= 500: v0:2.85x  v10:1.21x  v17:1.18x  v3:1.15x  v5:1.14x
  t_start= 600: v0:2.30x  v5:1.18x  v10:1.15x  v6:1.12x  v2:1.10x
  t_start= 700: v0:1.81x  v5:1.20x  v6:1.13x  v10:1.10x  v8:1.08x
  t_start= 800: v0:1.38x  v5:1.15x  v6:1.08x  v10:1.07x  v8:1.06x

======================================================================================================================
### P-1 | 变量=25 活列=16 | 测试点=8505 异常点=751 (8.83%) | 类=[contextual, contextual, contextual]
[Q1 数据] 训练段恒定列=9  测试段恒定列=7  训练恒定但测试有变化=2
[Q1 数据] 异常最敏感变量 top5 (变量号, 异常区|z|/正常区|z|, 异常区|z|, 正常区|z|): v7:1.51x(0.11/0.07)  v11:1.51x(0.11/0.07)  v2:1.08x(0.18/0.17)  v6:1.06x(0.70/0.66)  v5:1.05x(0.77/0.73)
[Q2 模型] eps-MSE by t: t0=0.9259  t50=0.2380  t100=0.1717  t200=0.1292  t400=0.0994  t600=0.0847  t800=0.0771  t999=0.0747   （1.0 = 完全没学到；<0.1 = 学得不错）

t_start    abar    残留% |       score |    val_mu    val_sd |   tstNorm   tstAnom    gap |   η=2 P   η=2 R  η=2 F1      PA |  η=3 F1      PA |  η=4 F1      PA |  oracle predPos%
--------------------------------------------------------------------------------------------------------------------------------------------------------------------------------
    200  0.8987   94.8 |       paper |   0.00849   0.01256 |   0.00835   0.00843  1.010 |   0.103   0.053   0.070   0.811 |   0.043   0.752 |   0.019   0.797 |   0.148    24.5%
    200  0.8987   94.8 |   zval_mean |   0.00000   0.60635 |   0.01526   0.03459  2.267 |   0.095   0.061   0.074   0.773 |   0.029   0.912 |   0.010   0.549 |   0.150    22.2%
    200  0.8987   94.8 |    zval_max |   1.45511   2.84029 |   1.86293   2.32081  1.246 |   0.096   0.036   0.052   0.855 |   0.040   0.764 |   0.024   0.537 |   0.142    21.6%
    200  0.8987   94.8 |  zself_mean |   1.93540   5.06609 |   1.85029   1.92892  1.042 |   0.099   0.052   0.068   0.808 |   0.041   0.755 |   0.021   0.795 |   0.154    25.1%
    200  0.8987   94.8 |   zself_max |  14.46536  38.06059 |  14.33894  16.04339  1.119 |   0.112   0.039   0.057   0.867 |   0.044   0.760 |   0.030   0.784 |   0.140    24.8%
    300  0.7869   88.7 |       paper |   0.01586   0.02161 |   0.01555   0.01574  1.012 |   0.100   0.061   0.076   0.785 |   0.037   0.903 |   0.014   0.544 |   0.152    23.3%
    300  0.7869   88.7 |   zval_mean |   0.00000   0.58983 |   0.01748   0.03803  2.176 |   0.094   0.067   0.078   0.758 |   0.033   0.909 |   0.017   0.808 |   0.156    20.0%
    300  0.7869   88.7 |    zval_max |   1.60258   2.73216 |   1.86582   2.28078  1.222 |   0.094   0.036   0.052   0.852 |   0.037   0.763 |   0.024   0.540 |   0.147    17.6%
    300  0.7869   88.7 |  zself_mean |   1.56672   4.03837 |   1.48437   1.55157  1.045 |   0.102   0.067   0.080   0.773 |   0.036   0.899 |   0.028   0.791 |   0.158    23.6%
    300  0.7869   88.7 |   zself_max |  12.58537  30.68142 |  12.12785  13.33846  1.100 |   0.108   0.044   0.062   0.847 |   0.043   0.905 |   0.034   0.777 |   0.149    24.0%
    400  0.6475   80.5 |       paper |   0.02652   0.03234 |   0.02614   0.02649  1.013 |   0.096   0.065   0.078   0.766 |   0.035   0.906 |   0.015   0.960 |   0.156    22.0%
    400  0.6475   80.5 |   zval_mean |  -0.00000   0.55722 |   0.02055   0.04110  2.000 |   0.093   0.067   0.078   0.755 |   0.033   0.906 |   0.015   0.806 |   0.159    17.6%
    400  0.6475   80.5 |    zval_max |   1.77964   2.63217 |   1.87697   2.23343  1.190 |   0.111   0.043   0.062   0.854 |   0.034   0.923 |   0.022   0.802 |   0.152    15.7%
    400  0.6475   80.5 |  zself_mean |   1.23654   3.13912 |   1.16674   1.22315  1.048 |   0.090   0.064   0.075   0.755 |   0.040   0.894 |   0.022   0.952 |   0.160    21.6%
    400  0.6475   80.5 |   zself_max |  10.55071  23.75559 |   9.95623  10.80002  1.085 |   0.110   0.051   0.069   0.831 |   0.045   0.903 |   0.030   0.935 |   0.150    22.6%
    500  0.4938   70.3 |       paper |   0.04281   0.04532 |   0.04258   0.04319  1.014 |   0.091   0.064   0.075   0.759 |   0.030   0.904 |   0.015   0.963 |   0.160    20.2%
    500  0.4938   70.3 |   zval_mean |   0.00000   0.51656 |   0.02384   0.04333  1.818 |   0.092   0.064   0.076   0.761 |   0.033   0.905 |   0.015   0.808 |   0.162    15.5%
    500  0.4938   70.3 |    zval_max |   1.94537   2.54479 |   1.89026   2.16409  1.145 |   0.107   0.037   0.055   0.865 |   0.027   0.928 |   0.019   0.804 |   0.158    14.4%
    500  0.4938   70.3 |  zself_mean |   0.99076   2.42147 |   0.90590   0.95367  1.053 |   0.099   0.069   0.081   0.760 |   0.043   0.899 |   0.017   0.957 |   0.162    19.3%
    500  0.4938   70.3 |   zself_max |   8.83810  17.99275 |   8.07152   8.64211  1.071 |   0.107   0.053   0.071   0.819 |   0.045   0.905 |   0.028   0.939 |   0.151    20.8%
    600  0.3408   58.4 |       paper |   0.07041   0.06180 |   0.07089   0.07196  1.015 |   0.094   0.064   0.076   0.764 |   0.034   0.899 |   0.010   0.964 |   0.161    18.0%
    600  0.3408   58.4 |   zval_mean |  -0.00000   0.47549 |   0.02826   0.04652  1.646 |   0.087   0.055   0.067   0.778 |   0.033   0.912 |   0.012   0.814 |   0.161    13.3%
    600  0.3408   58.4 |    zval_max |   2.08102   2.45598 |   1.90691   2.09280  1.097 |   0.101   0.032   0.049   0.876 |   0.023   0.933 |   0.020   0.809 |   0.157    13.3%
    600  0.3408   58.4 |  zself_mean |   0.75607   1.77601 |   0.69072   0.73165  1.059 |   0.099   0.069   0.082   0.761 |   0.042   0.891 |   0.017   0.951 |   0.160    16.4%
    600  0.3408   58.4 |   zself_max |   7.10008  12.63762 |   6.46520   6.86057  1.061 |   0.107   0.060   0.077   0.800 |   0.041   0.902 |   0.028   0.941 |   0.152    18.4%
    700  0.2031   45.1 |       paper |   0.12689   0.08590 |   0.12891   0.13055  1.013 |   0.098   0.064   0.077   0.772 |   0.039   0.905 |   0.005   0.402 |   0.158    14.7%
    700  0.2031   45.1 |   zval_mean |  -0.00000   0.43829 |   0.03357   0.05008  1.492 |   0.084   0.045   0.059   0.801 |   0.032   0.929 |   0.003   0.565 |   0.160    10.9%
    700  0.2031   45.1 |    zval_max |   2.19243   2.33469 |   1.92659   2.02967  1.054 |   0.102   0.029   0.046   0.886 |   0.024   0.945 |   0.017   0.555 |   0.155    12.1%
    700  0.2031   45.1 |  zself_mean |   0.57030   1.23992 |   0.51310   0.54437  1.061 |   0.103   0.068   0.082   0.772 |   0.040   0.894 |   0.015   0.959 |   0.158    12.8%
    700  0.2031   45.1 |   zself_max |   5.71928   8.34927 |   5.11924   5.33228  1.042 |   0.097   0.057   0.072   0.789 |   0.038   0.899 |   0.026   0.952 |   0.155    15.8%
    800  0.0940   30.7 |       paper |   0.27901   0.12997 |   0.28801   0.29139  1.012 |   0.090   0.049   0.064   0.801 |   0.027   0.926 |   0.005   0.410 |   0.155    10.5%
    800  0.0940   30.7 |   zval_mean |  -0.00000   0.41277 |   0.04414   0.06030  1.366 |   0.084   0.033   0.048   0.846 |   0.017   0.952 |   0.000   0.000 |   0.159     8.4%
    800  0.0940   30.7 |    zval_max |   2.28070   2.07605 |   1.96060   2.00499  1.023 |   0.107   0.027   0.043   0.900 |   0.019   0.950 |   0.013   0.560 |   0.156    11.3%
    800  0.0940   30.7 |  zself_mean |   0.41560   0.80694 |   0.36619   0.39229  1.071 |   0.086   0.043   0.057   0.815 |   0.031   0.924 |   0.003   0.406 |   0.155     9.5%
    800  0.0940   30.7 |   zself_max |   4.51312   4.79140 |   4.00228   4.10206  1.025 |   0.094   0.049   0.065   0.809 |   0.035   0.918 |   0.017   0.972 |   0.159    13.2%

[Q4 逐变量] 各 t_start 下按 (异常区误差 / 正常区误差) 排序的 top5 变量 —— 若 top 变量的比值很高但 gap 接近 1，说明是'对变量取均值'把异常稀释了
  t_start= 200: v7:1.31x  v11:1.31x  v18:1.16x  v22:1.13x  v17:1.12x
  t_start= 300: v7:1.26x  v11:1.24x  v18:1.11x  v22:1.11x  v17:1.09x
  t_start= 400: v7:1.21x  v11:1.20x  v22:1.09x  v2:1.07x  v18:1.06x
  t_start= 500: v7:1.17x  v11:1.16x  v22:1.07x  v12:1.06x  v2:1.05x
  t_start= 600: v7:1.13x  v11:1.13x  v12:1.06x  v22:1.06x  v6:1.05x
  t_start= 700: v7:1.11x  v11:1.10x  v12:1.06x  v22:1.04x  v6:1.04x
  t_start= 800: v7:1.09x  v11:1.08x  v12:1.05x  v15:1.04x  v23:1.04x

======================================================================================================================
### D-1 | 变量=25 活列=18 | 测试点=8509 异常点=3259 (38.30%) | 类=[point]
[Q1 数据] 训练段恒定列=7  测试段恒定列=1  训练恒定但测试有变化=6
[Q1 数据] 异常最敏感变量 top5 (变量号, 异常区|z|/正常区|z|, 异常区|z|, 正常区|z|): v0:14.45x(17.67/1.22)  v8:1.13x(0.04/0.03)  v2:0.87x(0.11/0.13)  v7:0.79x(0.05/0.06)  v12:0.79x(0.03/0.03)
[Q2 模型] eps-MSE by t: t0=0.9341  t50=0.2505  t100=0.1780  t200=0.1331  t400=0.1002  t600=0.0854  t800=0.0773  t999=0.0747   （1.0 = 完全没学到；<0.1 = 学得不错）

t_start    abar    残留% |       score |    val_mu    val_sd |   tstNorm   tstAnom    gap |   η=2 P   η=2 R  η=2 F1      PA |  η=3 F1      PA |  η=4 F1      PA |  oracle predPos%
--------------------------------------------------------------------------------------------------------------------------------------------------------------------------------
    200  0.8987   94.8 |       paper |   0.00726   0.01303 |   0.00811   0.10186 12.558 |   0.932   0.897   0.914   0.968 |   0.932   0.989 |   0.935   0.994 |   0.936    40.1%
    200  0.8987   94.8 |   zval_mean |   0.00000   0.65072 |   0.07921   6.58031 83.077 |   0.886   0.901   0.893   0.945 |   0.922   0.978 |   0.934   0.992 |   0.938    40.4%
    200  0.8987   94.8 |    zval_max |   1.31286   2.66222 |   1.75384  51.90613 29.596 |   0.923   0.899   0.911   0.964 |   0.926   0.981 |   0.931   0.988 |   0.938    39.0%
    200  0.8987   94.8 |  zself_mean |   1.74063   5.64281 |   0.13871   8.35743 60.249 |   0.533   0.005   0.010   0.998 |   0.001   1.000 |   0.000   0.000 |   0.933    40.7%
    200  0.8987   94.8 |   zself_max |  12.23338  47.59761 |   3.52588  51.23467 14.531 |   0.300   0.003   0.005   0.997 |   0.002   0.997 |   0.000   0.000 |   0.924    40.2%
    300  0.7869   88.7 |       paper |   0.01348   0.01985 |   0.01488   0.15874 10.670 |   0.911   0.899   0.905   0.958 |   0.926   0.982 |   0.936   0.993 |   0.936    40.6%
    300  0.7869   88.7 |   zval_mean |  -0.00000   0.62485 |   0.07198   6.49893 90.283 |   0.880   0.899   0.889   0.942 |   0.919   0.975 |   0.934   0.992 |   0.938    39.5%
    300  0.7869   88.7 |    zval_max |   1.50109   2.64147 |   1.78096  61.53642 34.552 |   0.925   0.898   0.911   0.965 |   0.925   0.982 |   0.932   0.990 |   0.938    38.3%
    300  0.7869   88.7 |  zself_mean |   1.36831   3.96111 |   0.09419   6.81707 72.374 |   0.959   0.087   0.160   0.998 |   0.003   0.999 |   0.001   1.000 |   0.927    40.2%
    300  0.7869   88.7 |   zself_max |  10.39592  32.62929 |   3.45496  52.39294 15.165 |   0.906   0.077   0.142   0.996 |   0.007   0.997 |   0.001   0.998 |   0.921    40.5%
    400  0.6475   80.5 |       paper |   0.02268   0.02765 |   0.02484   0.21030  8.468 |   0.897   0.899   0.898   0.951 |   0.923   0.978 |   0.934   0.993 |   0.934    40.0%
    400  0.6475   80.5 |   zval_mean |  -0.00000   0.58959 |   0.06698   5.78480 86.369 |   0.883   0.899   0.891   0.944 |   0.919   0.975 |   0.935   0.993 |   0.938    37.9%
    400  0.6475   80.5 |    zval_max |   1.70086   2.57964 |   1.83929  63.45656 34.501 |   0.923   0.899   0.911   0.964 |   0.927   0.984 |   0.934   0.991 |   0.938    37.8%
    400  0.6475   80.5 |  zself_mean |   1.06581   2.86344 |   0.05455   5.24870 96.226 |   0.979   0.188   0.316   0.998 |   0.005   0.999 |   0.002   1.000 |   0.918    39.3%
    400  0.6475   80.5 |   zself_max |   8.69834  22.82510 |   3.35633  47.33604 14.103 |   0.976   0.401   0.568   0.995 |   0.055   0.997 |   0.008   0.998 |   0.916    40.5%
    500  0.4938   70.3 |       paper |   0.03716   0.03727 |   0.04046   0.26311  6.503 |   0.892   0.899   0.896   0.949 |   0.919   0.974 |   0.925   0.991 |   0.929    38.9%
    500  0.4938   70.3 |   zval_mean |  -0.00000   0.54918 |   0.06368   4.82681 75.797 |   0.885   0.898   0.891   0.945 |   0.920   0.976 |   0.935   0.994 |   0.938    36.6%
    500  0.4938   70.3 |    zval_max |   1.88253   2.51084 |   1.90324  59.70642 31.371 |   0.926   0.899   0.912   0.965 |   0.929   0.985 |   0.935   0.993 |   0.938    37.1%
    500  0.4938   70.3 |  zself_mean |   0.83037   2.11205 |   0.02769   3.99104 144.113 |   0.979   0.241   0.387   0.997 |   0.007   0.999 |   0.005   1.000 |   0.906    38.4%
    500  0.4938   70.3 |   zself_max |   7.21280  15.99077 |   3.27989  40.63953 12.391 |   0.972   0.597   0.740   0.991 |   0.287   0.996 |   0.027   0.998 |   0.910    40.1%
    600  0.3408   58.4 |       paper |   0.06252   0.05005 |   0.06770   0.32673  4.826 |   0.896   0.898   0.897   0.950 |   0.916   0.973 |   0.898   0.991 |   0.920    37.7%
    600  0.3408   58.4 |   zval_mean |   0.00000   0.50755 |   0.06211   3.75384 60.436 |   0.893   0.899   0.896   0.949 |   0.923   0.980 |   0.936   0.995 |   0.936    35.5%
    600  0.3408   58.4 |    zval_max |   2.01727   2.42475 |   1.94676  50.98268 26.188 |   0.928   0.900   0.914   0.966 |   0.930   0.985 |   0.936   0.995 |   0.938    36.6%
    600  0.3408   58.4 |  zself_mean |   0.64915   1.53898 |   0.01363   2.95994 217.151 |   0.958   0.258   0.407   0.994 |   0.011   0.999 |   0.006   1.000 |   0.897    35.6%
    600  0.3408   58.4 |   zself_max |   5.94799  10.80176 |   3.21272  32.63498 10.158 |   0.960   0.706   0.814   0.986 |   0.523   0.995 |   0.148   0.998 |   0.904    39.6%
    700  0.2031   45.1 |       paper |   0.11554   0.07011 |   0.12407   0.42224  3.403 |   0.898   0.898   0.898   0.952 |   0.900   0.976 |   0.806   0.994 |   0.908    34.2%
    700  0.2031   45.1 |   zval_mean |   0.00000   0.46787 |   0.06165   2.63174 42.687 |   0.905   0.897   0.901   0.955 |   0.927   0.985 |   0.913   0.997 |   0.930    33.7%
    700  0.2031   45.1 |    zval_max |   2.10921   2.30413 |   1.96470  37.94835 19.315 |   0.937   0.897   0.917   0.971 |   0.932   0.988 |   0.937   0.996 |   0.937    35.9%
    700  0.2031   45.1 |  zself_mean |   0.49208   1.08454 |   0.01727   2.08943 120.990 |   0.924   0.253   0.397   0.990 |   0.030   0.999 |   0.008   1.000 |   0.885    19.8%
    700  0.2031   45.1 |   zself_max |   4.85817   6.92041 |   3.11051  23.85604  7.669 |   0.949   0.749   0.837   0.980 |   0.626   0.993 |   0.294   0.997 |   0.896    38.4%
    800  0.0940   30.7 |       paper |   0.26464   0.11580 |   0.28030   0.62646  2.235 |   0.915   0.851   0.882   0.962 |   0.750   0.988 |   0.397   0.998 |   0.890    13.2%
    800  0.0940   30.7 |   zval_mean |  -0.00000   0.43304 |   0.05959   1.54486 25.926 |   0.935   0.878   0.906   0.971 |   0.837   0.993 |   0.596   0.999 |   0.907    17.7%
    800  0.0940   30.7 |    zval_max |   2.16579   2.08986 |   1.95410  22.75232 11.643 |   0.955   0.894   0.923   0.979 |   0.933   0.993 |   0.932   0.997 |   0.934    35.0%
    800  0.0940   30.7 |  zself_mean |   0.38310   0.76596 |   0.05013   1.30489 26.032 |   0.888   0.149   0.255   0.991 |   0.035   0.999 |   0.009   1.000 |   0.847     3.2%
    800  0.0940   30.7 |   zself_max |   4.06950   4.30276 |   2.95420  14.33593  4.853 |   0.947   0.635   0.760   0.983 |   0.501   0.994 |   0.189   0.998 |   0.883    30.8%

[Q4 逐变量] 各 t_start 下按 (异常区误差 / 正常区误差) 排序的 top5 变量 —— 若 top 变量的比值很高但 gap 接近 1，说明是'对变量取均值'把异常稀释了
  t_start= 200: v0:67.21x  v13:29.74x  v23:21.57x  v15:17.02x  v4:15.69x
  t_start= 300: v0:66.94x  v13:20.45x  v23:15.39x  v15:13.73x  v12:10.51x
  t_start= 400: v0:59.95x  v13:13.34x  v23:10.27x  v15:9.58x  v3:8.79x
  t_start= 500: v0:50.47x  v13:8.52x  v3:7.24x  v23:6.71x  v15:6.30x
  t_start= 600: v0:39.99x  v3:5.74x  v13:5.32x  v2:4.82x  v23:4.33x
  t_start= 700: v0:28.93x  v3:4.29x  v2:3.57x  v13:3.26x  v23:2.76x
  t_start= 800: v0:17.62x  v3:2.92x  v2:2.45x  v13:1.99x  v16:1.90x

======================================================================================================================
### T-4 | 变量=55 活列=11 | 测试点=2217 异常点=69 (3.11%) | 类=[point]
[Q1 数据] 训练段恒定列=44  测试段恒定列=42  训练恒定但测试有变化=3
[Q1 数据] 异常最敏感变量 top5 (变量号, 异常区|z|/正常区|z|, 异常区|z|, 正常区|z|): v19:1.84x(0.25/0.14)  v43:1.74x(0.32/0.18)  v11:1.21x(0.48/0.40)  v0:1.11x(1.10/0.99)  v5:1.06x(0.67/0.64)
[Q2 模型] eps-MSE by t: t0=0.8540  t50=0.5060  t100=0.4920  t200=0.4828  t400=0.4801  t600=0.4792  t800=0.4798  t999=0.4804   （1.0 = 完全没学到；<0.1 = 学得不错）

t_start    abar    残留% |       score |    val_mu    val_sd |   tstNorm   tstAnom    gap |   η=2 P   η=2 R  η=2 F1      PA |  η=3 F1      PA |  η=4 F1      PA |  oracle predPos%
--------------------------------------------------------------------------------------------------------------------------------------------------------------------------------
    200  0.8987   94.8 |       paper |   0.02738   0.00570 |   0.02721   0.02751  1.011 |   0.040   0.014   0.021   0.852 |   0.000   0.000 |   0.000   0.000 |   0.069     5.8%
    200  0.8987   94.8 |   zval_mean |   0.00000   0.25829 |  -0.00241  -0.00406 -4063719778.047 |   0.026   0.014   0.019   0.789 |   0.026   0.958 |   0.000   0.000 |   0.063     5.5%
    200  0.8987   94.8 |    zval_max |   3.02520   2.30330 |   2.28865   2.21317  0.967 |   0.040   0.014   0.021   0.852 |   0.000   0.000 |   0.000   0.000 |   0.067     9.7%
    200  0.8987   94.8 |  zself_mean |   0.24629   0.39566 |   0.19628   0.19391  0.988 |   0.029   0.014   0.019   0.802 |   0.026   0.952 |   0.000   0.000 |   0.063     5.6%
    200  0.8987   94.8 |   zself_max |   4.93157   6.99433 |   3.72099   3.55746  0.956 |   0.000   0.000   0.000   0.000 |   0.000   0.000 |   0.000   0.000 |   0.067     9.7%
    300  0.7869   88.7 |       paper |   0.06468   0.01157 |   0.06467   0.06545  1.012 |   0.000   0.000   0.000   0.000 |   0.000   0.000 |   0.000   0.000 |   0.068     3.7%
    300  0.7869   88.7 |   zval_mean |  -0.00000   0.24451 |   0.00137   0.00220  1.605 |   0.000   0.000   0.000   0.000 |   0.000   0.000 |   0.000   0.000 |   0.064     4.0%
    300  0.7869   88.7 |    zval_max |   3.01496   2.14531 |   2.28443   2.22463  0.974 |   0.000   0.000   0.000   0.000 |   0.000   0.000 |   0.000   0.000 |   0.067     8.3%
    300  0.7869   88.7 |  zself_mean |   0.23201   0.33497 |   0.18660   0.18757  1.005 |   0.000   0.000   0.000   0.000 |   0.000   0.000 |   0.000   0.000 |   0.064     3.8%
    300  0.7869   88.7 |   zself_max |   4.44159   4.05193 |   3.59600   3.46953  0.965 |   0.000   0.000   0.000   0.000 |   0.000   0.000 |   0.000   0.000 |   0.067     8.5%
    400  0.6475   80.5 |       paper |   0.12914   0.02236 |   0.12946   0.13106  1.012 |   0.000   0.000   0.000   0.000 |   0.000   0.000 |   0.000   0.000 |   0.072     3.2%
    400  0.6475   80.5 |   zval_mean |  -0.00000   0.24253 |   0.00320   0.00489  1.528 |   0.000   0.000   0.000   0.000 |   0.000   0.000 |   0.000   0.000 |   0.065     3.2%
    400  0.6475   80.5 |    zval_max |   2.98641   2.05365 |   2.28263   2.22132  0.973 |   0.000   0.000   0.000   0.000 |   0.000   0.000 |   0.000   0.000 |   0.064     7.8%
    400  0.6475   80.5 |  zself_mean |   0.22938   0.32313 |   0.18409   0.18642  1.013 |   0.000   0.000   0.000   0.000 |   0.000   0.000 |   0.000   0.000 |   0.064     3.1%
    400  0.6475   80.5 |   zself_max |   4.25482   3.22110 |   3.56308   3.44935  0.968 |   0.000   0.000   0.000   0.000 |   0.000   0.000 |   0.000   0.000 |   0.067     7.9%
    500  0.4938   70.3 |       paper |   0.24229   0.04162 |   0.24318   0.24621  1.012 |   0.000   0.000   0.000   0.000 |   0.000   0.000 |   0.000   0.000 |   0.075     3.0%
    500  0.4938   70.3 |   zval_mean |   0.00000   0.24260 |   0.00435   0.00636  1.462 |   0.000   0.000   0.000   0.000 |   0.000   0.000 |   0.000   0.000 |   0.067     2.9%
    500  0.4938   70.3 |    zval_max |   2.95889   1.99904 |   2.28437   2.21510  0.970 |   0.000   0.000   0.000   0.000 |   0.000   0.000 |   0.000   0.000 |   0.066     8.1%
    500  0.4938   70.3 |  zself_mean |   0.22838   0.32002 |   0.18374   0.18676  1.016 |   0.000   0.000   0.000   0.000 |   0.000   0.000 |   0.000   0.000 |   0.065     2.8%
    500  0.4938   70.3 |   zself_max |   4.16231   2.98927 |   3.54947   3.42891  0.966 |   0.000   0.000   0.000   0.000 |   0.000   0.000 |   0.000   0.000 |   0.066     8.1%
    600  0.3408   58.4 |       paper |   0.45637   0.07824 |   0.45835   0.46409  1.013 |   0.000   0.000   0.000   0.000 |   0.000   0.000 |   0.000   0.000 |   0.076     3.0%
    600  0.3408   58.4 |   zval_mean |  -0.00000   0.24294 |   0.00508   0.00718  1.415 |   0.000   0.000   0.000   0.000 |   0.000   0.000 |   0.000   0.000 |   0.068     2.8%
    600  0.3408   58.4 |    zval_max |   2.93889   1.97504 |   2.28624   2.21546  0.969 |   0.000   0.000   0.000   0.000 |   0.000   0.000 |   0.000   0.000 |   0.065     8.1%
    600  0.3408   58.4 |  zself_mean |   0.22714   0.31887 |   0.18284   0.18630  1.019 |   0.000   0.000   0.000   0.000 |   0.000   0.000 |   0.000   0.000 |   0.068     2.9%
    600  0.3408   58.4 |   zself_max |   4.11082   2.91964 |   3.53757   3.41614  0.966 |   0.000   0.000   0.000   0.000 |   0.000   0.000 |   0.000   0.000 |   0.067     7.9%
    700  0.2031   45.1 |       paper |   0.92470   0.15850 |   0.92907   0.94068  1.012 |   0.000   0.000   0.000   0.000 |   0.000   0.000 |   0.000   0.000 |   0.076     3.1%
    700  0.2031   45.1 |   zval_mean |  -0.00000   0.24324 |   0.00551   0.00759  1.378 |   0.000   0.000   0.000   0.000 |   0.000   0.000 |   0.000   0.000 |   0.069     2.8%
    700  0.2031   45.1 |    zval_max |   2.93253   1.96648 |   2.28614   2.21290  0.968 |   0.000   0.000   0.000   0.000 |   0.000   0.000 |   0.000   0.000 |   0.066     8.2%
    700  0.2031   45.1 |  zself_mean |   0.22840   0.31865 |   0.18224   0.18582  1.020 |   0.000   0.000   0.000   0.000 |   0.000   0.000 |   0.000   0.000 |   0.069     2.8%
    700  0.2031   45.1 |   zself_max |   4.09064   2.89148 |   3.52552   3.39988  0.964 |   0.000   0.000   0.000   0.000 |   0.000   0.000 |   0.000   0.000 |   0.067     8.0%
    800  0.0940   30.7 |       paper |   2.26940   0.38906 |   2.28065   2.30905  1.012 |   0.000   0.000   0.000   0.000 |   0.000   0.000 |   0.000   0.000 |   0.077     3.2%
    800  0.0940   30.7 |   zval_mean |  -0.00000   0.24350 |   0.00575   0.00774  1.347 |   0.000   0.000   0.000   0.000 |   0.000   0.000 |   0.000   0.000 |   0.070     3.0%
    800  0.0940   30.7 |    zval_max |   2.92808   1.95815 |   2.28633   2.20866  0.966 |   0.000   0.000   0.000   0.000 |   0.000   0.000 |   0.000   0.000 |   0.065     8.4%
    800  0.0940   30.7 |  zself_mean |   0.22843   0.31813 |   0.18177   0.18541  1.020 |   0.000   0.000   0.000   0.000 |   0.000   0.000 |   0.000   0.000 |   0.068     2.9%
    800  0.0940   30.7 |   zself_max |   4.07860   2.86743 |   3.52098   3.39041  0.963 |   0.000   0.000   0.000   0.000 |   0.000   0.000 |   0.000   0.000 |   0.067     7.8%

[Q4 逐变量] 各 t_start 下按 (异常区误差 / 正常区误差) 排序的 top5 变量 —— 若 top 变量的比值很高但 gap 接近 1，说明是'对变量取均值'把异常稀释了
  t_start= 200: v43:1.16x  v19:1.13x  v10:1.11x  v16:1.10x  v5:1.10x
  t_start= 300: v43:1.13x  v16:1.12x  v19:1.12x  v10:1.11x  v5:1.10x
  t_start= 400: v16:1.13x  v19:1.11x  v43:1.11x  v10:1.11x  v5:1.10x
  t_start= 500: v16:1.13x  v19:1.11x  v10:1.11x  v43:1.11x  v5:1.11x
  t_start= 600: v16:1.14x  v19:1.11x  v10:1.11x  v5:1.11x  v43:1.10x
  t_start= 700: v16:1.14x  v19:1.11x  v10:1.11x  v5:1.11x  v43:1.10x
  t_start= 800: v16:1.14x  v19:1.11x  v10:1.11x  v5:1.11x  v29:1.10x

======================================================================================================================
### M-1 | 变量=55 活列=13 | 测试点=2277 异常点=1141 (50.11%) | 类=[contextual]
[Q1 数据] 训练段恒定列=42  测试段恒定列=44  训练恒定但测试有变化=0
[Q1 数据] 异常最敏感变量 top5 (变量号, 异常区|z|/正常区|z|, 异常区|z|, 正常区|z|): v41:2.93x(0.06/0.02)  v19:1.84x(0.22/0.12)  v27:1.74x(0.23/0.13)  v47:1.15x(0.12/0.10)  v33:1.05x(0.61/0.58)
[Q2 模型] eps-MSE by t: t0=0.8804  t50=0.5129  t100=0.4976  t200=0.4878  t400=0.4849  t600=0.4841  t800=0.4850  t999=0.4853   （1.0 = 完全没学到；<0.1 = 学得不错）

t_start    abar    残留% |       score |    val_mu    val_sd |   tstNorm   tstAnom    gap |   η=2 P   η=2 R  η=2 F1      PA |  η=3 F1      PA |  η=4 F1      PA |  oracle predPos%
--------------------------------------------------------------------------------------------------------------------------------------------------------------------------------
    200  0.8987   94.8 |       paper |   0.02707   0.00553 |   0.02739   0.02755  1.006 |   0.400   0.005   0.010   0.996 |   0.002   0.999 |   0.002   0.999 |   0.505     4.9%
    200  0.8987   94.8 |   zval_mean |   0.00000   0.27265 |   0.01981   0.02486  1.255 |   0.455   0.009   0.017   0.995 |   0.002   0.998 |   0.002   0.999 |   0.498     5.0%
    200  0.8987   94.8 |    zval_max |   2.87734   2.11004 |   2.42849   2.23067  0.919 |   0.222   0.005   0.010   0.991 |   0.003   0.994 |   0.003   0.996 |   0.491     9.4%
    200  0.8987   94.8 |  zself_mean |   0.23427   0.37087 |   0.19136   0.19777  1.034 |   0.520   0.011   0.022   0.995 |   0.003   0.997 |   0.002   0.999 |   0.498     4.8%
    200  0.8987   94.8 |   zself_max |   4.20009   4.39049 |   3.84316   3.50775  0.913 |   0.158   0.003   0.005   0.993 |   0.003   0.995 |   0.002   0.997 |   0.489     9.4%
    300  0.7869   88.7 |       paper |   0.06458   0.01268 |   0.06536   0.06567  1.005 |   0.333   0.002   0.003   0.998 |   0.000   0.000 |   0.000   0.000 |   0.511     3.9%
    300  0.7869   88.7 |   zval_mean |   0.00000   0.26784 |   0.01929   0.02239  1.161 |   0.125   0.001   0.002   0.997 |   0.000   0.000 |   0.000   0.000 |   0.502     3.8%
    300  0.7869   88.7 |    zval_max |   2.87847   2.04974 |   2.37213   2.18729  0.922 |   0.125   0.003   0.005   0.991 |   0.002   0.995 |   0.002   0.997 |   0.492     8.7%
    300  0.7869   88.7 |  zself_mean |   0.23026   0.35289 |   0.18767   0.19143  1.020 |   0.111   0.001   0.002   0.997 |   0.000   0.000 |   0.000   0.000 |   0.505     3.8%
    300  0.7869   88.7 |   zself_max |   4.09581   3.20664 |   3.74325   3.41968  0.914 |   0.111   0.003   0.005   0.990 |   0.002   0.993 |   0.002   0.995 |   0.489     8.8%
    400  0.6475   80.5 |       paper |   0.12947   0.02525 |   0.13105   0.13161  1.004 |   0.250   0.001   0.002   0.999 |   0.000   0.000 |   0.000   0.000 |   0.507     3.5%
    400  0.6475   80.5 |   zval_mean |   0.00000   0.26743 |   0.01918   0.02139  1.115 |   0.000   0.000   0.000   0.000 |   0.000   0.000 |   0.000   0.000 |   0.502     3.3%
    400  0.6475   80.5 |    zval_max |   2.87428   2.01624 |   2.35214   2.17141  0.923 |   0.083   0.002   0.003   0.990 |   0.000   0.000 |   0.000   0.000 |   0.487     8.2%
    400  0.6475   80.5 |  zself_mean |   0.22886   0.34833 |   0.18708   0.18969  1.014 |   0.143   0.001   0.002   0.997 |   0.000   0.000 |   0.000   0.000 |   0.500     3.3%
    400  0.6475   80.5 |   zself_max |   4.04460   2.92880 |   3.70999   3.39368  0.915 |   0.074   0.002   0.003   0.989 |   0.000   0.000 |   0.000   0.000 |   0.486     8.8%
    500  0.4938   70.3 |       paper |   0.24336   0.04741 |   0.24634   0.24733  1.004 |   0.250   0.001   0.002   0.999 |   0.000   0.000 |   0.000   0.000 |   0.506     3.6%
    500  0.4938   70.3 |   zval_mean |  -0.00000   0.26759 |   0.01919   0.02095  1.092 |   0.000   0.000   0.000   0.000 |   0.000   0.000 |   0.000   0.000 |   0.505     3.2%
    500  0.4938   70.3 |    zval_max |   2.86958   2.00220 |   2.34518   2.16628  0.924 |   0.050   0.001   0.002   0.992 |   0.000   0.000 |   0.000   0.000 |   0.488     8.1%
    500  0.4938   70.3 |  zself_mean |   0.22859   0.34723 |   0.18711   0.18914  1.011 |   0.143   0.001   0.002   0.997 |   0.000   0.000 |   0.000   0.000 |   0.499     3.2%
    500  0.4938   70.3 |   zself_max |   4.02181   2.86211 |   3.69310   3.38295  0.916 |   0.040   0.001   0.002   0.990 |   0.000   0.000 |   0.000   0.000 |   0.484     8.8%
    600  0.3408   58.4 |       paper |   0.45885   0.08939 |   0.46451   0.46632  1.004 |   0.250   0.001   0.002   0.999 |   0.000   0.000 |   0.000   0.000 |   0.508     3.4%
    600  0.3408   58.4 |   zval_mean |  -0.00000   0.26779 |   0.01922   0.02074  1.079 |   0.000   0.000   0.000   0.000 |   0.000   0.000 |   0.000   0.000 |   0.504     3.2%
    600  0.3408   58.4 |    zval_max |   2.86514   1.99757 |   2.34132   2.16452  0.924 |   0.048   0.001   0.002   0.991 |   0.000   0.000 |   0.000   0.000 |   0.491     7.9%
    600  0.3408   58.4 |  zself_mean |   0.22825   0.34738 |   0.18827   0.18995  1.009 |   0.167   0.001   0.002   0.998 |   0.000   0.000 |   0.000   0.000 |   0.499     3.2%
    600  0.3408   58.4 |   zself_max |   4.01159   2.84071 |   3.68467   3.37875  0.917 |   0.077   0.002   0.003   0.990 |   0.002   0.994 |   0.000   0.000 |   0.484     8.7%
    700  0.2031   45.1 |       paper |   0.93030   0.18127 |   0.94181   0.94543  1.004 |   0.250   0.001   0.002   0.999 |   0.000   0.000 |   0.000   0.000 |   0.509     3.4%
    700  0.2031   45.1 |   zval_mean |   0.00000   0.26797 |   0.01926   0.02063  1.071 |   0.000   0.000   0.000   0.000 |   0.000   0.000 |   0.000   0.000 |   0.503     3.2%
    700  0.2031   45.1 |    zval_max |   2.86098   1.99642 |   2.33864   2.16461  0.926 |   0.048   0.001   0.002   0.991 |   0.000   0.000 |   0.000   0.000 |   0.489     8.1%
    700  0.2031   45.1 |  zself_mean |   0.22907   0.34823 |   0.18737   0.18885  1.008 |   0.167   0.001   0.002   0.998 |   0.000   0.000 |   0.000   0.000 |   0.498     3.1%
    700  0.2031   45.1 |   zself_max |   4.01087   2.83811 |   3.67470   3.37430  0.918 |   0.038   0.001   0.002   0.989 |   0.002   0.994 |   0.000   0.000 |   0.485     8.8%
    800  0.0940   30.7 |       paper |   2.28413   0.44516 |   2.31242   2.32131  1.004 |   0.250   0.001   0.002   0.999 |   0.000   0.000 |   0.000   0.000 |   0.511     3.3%
    800  0.0940   30.7 |   zval_mean |   0.00000   0.26814 |   0.01927   0.02057  1.068 |   0.000   0.000   0.000   0.000 |   0.000   0.000 |   0.000   0.000 |   0.503     3.2%
    800  0.0940   30.7 |    zval_max |   2.85937   1.99302 |   2.33776   2.16483  0.926 |   0.048   0.001   0.002   0.991 |   0.000   0.000 |   0.000   0.000 |   0.487     8.0%
    800  0.0940   30.7 |  zself_mean |   0.22826   0.34845 |   0.18740   0.18879  1.007 |   0.167   0.001   0.002   0.998 |   0.000   0.000 |   0.000   0.000 |   0.498     3.2%
    800  0.0940   30.7 |   zself_max |   4.01506   2.84554 |   3.67048   3.37265  0.919 |   0.040   0.001   0.002   0.990 |   0.002   0.994 |   0.000   0.000 |   0.484     8.7%

[Q4 逐变量] 各 t_start 下按 (异常区误差 / 正常区误差) 排序的 top5 变量 —— 若 top 变量的比值很高但 gap 接近 1，说明是'对变量取均值'把异常稀释了
  t_start= 200: v27:1.06x  v16:1.06x  v0:1.05x  v2:1.04x  v42:1.04x
  t_start= 300: v16:1.06x  v27:1.06x  v0:1.05x  v2:1.04x  v42:1.04x
  t_start= 400: v16:1.06x  v27:1.05x  v0:1.05x  v2:1.04x  v42:1.04x
  t_start= 500: v16:1.06x  v27:1.05x  v0:1.05x  v2:1.04x  v42:1.04x
  t_start= 600: v16:1.06x  v0:1.05x  v27:1.05x  v2:1.04x  v42:1.04x
  t_start= 700: v16:1.06x  v0:1.05x  v27:1.05x  v2:1.04x  v42:1.04x
  t_start= 800: v16:1.06x  v0:1.05x  v27:1.05x  v2:1.04x  v42:1.04x

======================================================================================================================
### C-1 | 变量=55 活列=15 | 测试点=2264 异常点=312 (13.78%) | 类=[point, contextual]
[Q1 数据] 训练段恒定列=40  测试段恒定列=39  训练恒定但测试有变化=3
[Q1 数据] 异常最敏感变量 top5 (变量号, 异常区|z|/正常区|z|, 异常区|z|, 正常区|z|): v19:3.44x(0.32/0.09)  v45:3.20x(0.29/0.09)  v49:1.87x(0.19/0.10)  v0:1.23x(0.96/0.78)  v12:1.09x(0.28/0.25)
[Q2 模型] eps-MSE by t: t0=0.8995  t50=0.5235  t100=0.5026  t200=0.4899  t400=0.4854  t600=0.4846  t800=0.4855  t999=0.4855   （1.0 = 完全没学到；<0.1 = 学得不错）

t_start    abar    残留% |       score |    val_mu    val_sd |   tstNorm   tstAnom    gap |   η=2 P   η=2 R  η=2 F1      PA |  η=3 F1      PA |  η=4 F1      PA |  oracle predPos%
--------------------------------------------------------------------------------------------------------------------------------------------------------------------------------
    200  0.8987   94.8 |       paper |   0.02657   0.00603 |   0.02763   0.02769  1.002 |   0.103   0.010   0.018   0.746 |   0.012   0.773 |   0.006   0.779 |   0.218     4.6%
    200  0.8987   94.8 |   zval_mean |  -0.00000   0.30641 |   0.05314   0.05668  1.067 |   0.094   0.010   0.017   0.742 |   0.012   0.772 |   0.013   0.779 |   0.212     4.3%
    200  0.8987   94.8 |    zval_max |   2.93049   2.12734 |   2.47852   2.61916  1.057 |   0.042   0.006   0.011   0.719 |   0.012   0.742 |   0.012   0.751 |   0.243     9.3%
    200  0.8987   94.8 |  zself_mean |   0.21045   0.39468 |   0.19579   0.20130  1.028 |   0.108   0.013   0.023   0.736 |   0.012   0.767 |   0.013   0.779 |   0.215     4.7%
    200  0.8987   94.8 |   zself_max |   4.06907   3.04308 |   3.80954   4.02515  1.057 |   0.038   0.006   0.011   0.713 |   0.011   0.732 |   0.012   0.746 |   0.246     9.4%
    300  0.7869   88.7 |       paper |   0.06336   0.01432 |   0.06573   0.06567  0.999 |   0.000   0.000   0.000   0.000 |   0.000   0.000 |   0.000   0.000 |   0.217     3.9%
    300  0.7869   88.7 |   zval_mean |   0.00000   0.30698 |   0.04961   0.04827  0.973 |   0.154   0.006   0.012   0.767 |   0.000   0.000 |   0.000   0.000 |   0.208     3.9%
    300  0.7869   88.7 |    zval_max |   2.92138   2.09579 |   2.37372   2.43224  1.025 |   0.045   0.006   0.011   0.724 |   0.012   0.753 |   0.012   0.766 |   0.238     8.7%
    300  0.7869   88.7 |  zself_mean |   0.20700   0.39173 |   0.18789   0.18606  0.990 |   0.118   0.006   0.012   0.761 |   0.000   0.000 |   0.000   0.000 |   0.209     4.0%
    300  0.7869   88.7 |   zself_max |   4.01112   2.92661 |   3.64099   3.73366  1.025 |   0.041   0.006   0.011   0.718 |   0.012   0.742 |   0.012   0.763 |   0.241     8.8%
    400  0.6475   80.5 |       paper |   0.12700   0.02869 |   0.13159   0.13132  0.998 |   0.000   0.000   0.000   0.000 |   0.000   0.000 |   0.000   0.000 |   0.208     3.9%
    400  0.6475   80.5 |   zval_mean |  -0.00000   0.30773 |   0.04807   0.04489  0.934 |   0.000   0.000   0.000   0.000 |   0.000   0.000 |   0.000   0.000 |   0.209     3.6%
    400  0.6475   80.5 |    zval_max |   2.91283   2.08500 |   2.32554   2.35771  1.014 |   0.057   0.006   0.012   0.736 |   0.012   0.761 |   0.012   0.772 |   0.237     8.7%
    400  0.6475   80.5 |  zself_mean |   0.20224   0.39004 |   0.18542   0.18083  0.975 |   0.000   0.000   0.000   0.000 |   0.000   0.000 |   0.000   0.000 |   0.208     3.5%
    400  0.6475   80.5 |   zself_max |   3.96967   2.88531 |   3.56372   3.61683  1.015 |   0.048   0.006   0.011   0.727 |   0.012   0.753 |   0.012   0.769 |   0.235     8.6%
    500  0.4938   70.3 |       paper |   0.23869   0.05395 |   0.24720   0.24655  0.997 |   0.000   0.000   0.000   0.000 |   0.000   0.000 |   0.000   0.000 |   0.208     3.5%
    500  0.4938   70.3 |   zval_mean |  -0.00000   0.30821 |   0.04726   0.04320  0.914 |   0.000   0.000   0.000   0.000 |   0.000   0.000 |   0.000   0.000 |   0.207     3.2%
    500  0.4938   70.3 |    zval_max |   2.90626   2.07904 |   2.30325   2.31958  1.007 |   0.067   0.006   0.012   0.743 |   0.000   0.000 |   0.000   0.000 |   0.234     8.5%
    500  0.4938   70.3 |  zself_mean |   0.20356   0.39115 |   0.18440   0.17850  0.968 |   0.000   0.000   0.000   0.000 |   0.000   0.000 |   0.000   0.000 |   0.208     3.3%
    500  0.4938   70.3 |   zself_max |   3.96583   2.86684 |   3.53032   3.56171  1.009 |   0.056   0.006   0.011   0.735 |   0.000   0.000 |   0.000   0.000 |   0.234     8.7%
    600  0.3408   58.4 |       paper |   0.45008   0.10174 |   0.46597   0.46459  0.997 |   0.000   0.000   0.000   0.000 |   0.000   0.000 |   0.000   0.000 |   0.210     3.5%
    600  0.3408   58.4 |   zval_mean |  -0.00000   0.30850 |   0.04678   0.04225  0.903 |   0.000   0.000   0.000   0.000 |   0.000   0.000 |   0.000   0.000 |   0.208     3.2%
    600  0.3408   58.4 |    zval_max |   2.90114   2.07451 |   2.29559   2.29854  1.001 |   0.000   0.000   0.000   0.000 |   0.000   0.000 |   0.000   0.000 |   0.237     8.4%
    600  0.3408   58.4 |  zself_mean |   0.20394   0.39106 |   0.18478   0.17816  0.964 |   0.000   0.000   0.000   0.000 |   0.000   0.000 |   0.000   0.000 |   0.208     3.2%
    600  0.3408   58.4 |   zself_max |   3.95143   2.85203 |   3.51687   3.53049  1.004 |   0.000   0.000   0.000   0.000 |   0.000   0.000 |   0.000   0.000 |   0.235     8.6%
    700  0.2031   45.1 |       paper |   0.91260   0.20629 |   0.94466   0.94168  0.997 |   0.000   0.000   0.000   0.000 |   0.000   0.000 |   0.000   0.000 |   0.207     3.6%
    700  0.2031   45.1 |   zval_mean |  -0.00000   0.30865 |   0.04647   0.04167  0.897 |   0.000   0.000   0.000   0.000 |   0.000   0.000 |   0.000   0.000 |   0.208     3.2%
    700  0.2031   45.1 |    zval_max |   2.89852   2.06990 |   2.29328   2.28970  0.998 |   0.000   0.000   0.000   0.000 |   0.000   0.000 |   0.000   0.000 |   0.240     8.3%
    700  0.2031   45.1 |  zself_mean |   0.20606   0.39246 |   0.18317   0.17606  0.961 |   0.000   0.000   0.000   0.000 |   0.000   0.000 |   0.000   0.000 |   0.207     3.2%
    700  0.2031   45.1 |   zself_max |   3.95751   2.85062 |   3.50733   3.50825  1.000 |   0.000   0.000   0.000   0.000 |   0.000   0.000 |   0.000   0.000 |   0.238     8.6%
    800  0.0940   30.7 |       paper |   2.24103   0.50653 |   2.31950   2.31192  0.997 |   0.000   0.000   0.000   0.000 |   0.000   0.000 |   0.000   0.000 |   0.207     3.5%
    800  0.0940   30.7 |   zval_mean |   0.00000   0.30872 |   0.04624   0.04130  0.893 |   0.000   0.000   0.000   0.000 |   0.000   0.000 |   0.000   0.000 |   0.208     3.2%
    800  0.0940   30.7 |    zval_max |   2.89530   2.06518 |   2.29304   2.28673  0.997 |   0.000   0.000   0.000   0.000 |   0.000   0.000 |   0.000   0.000 |   0.236     8.4%
    800  0.0940   30.7 |  zself_mean |   0.20608   0.39095 |   0.18358   0.17623  0.960 |   0.000   0.000   0.000   0.000 |   0.000   0.000 |   0.000   0.000 |   0.207     3.2%
    800  0.0940   30.7 |   zself_max |   3.93424   2.82515 |   3.50995   3.50482  0.999 |   0.000   0.000   0.000   0.000 |   0.000   0.000 |   0.000   0.000 |   0.237     8.5%

[Q4 逐变量] 各 t_start 下按 (异常区误差 / 正常区误差) 排序的 top5 变量 —— 若 top 变量的比值很高但 gap 接近 1，说明是'对变量取均值'把异常稀释了
  t_start= 200: v19:1.14x  v0:1.08x  v34:1.07x  v10:1.07x  v24:1.07x
  t_start= 300: v0:1.08x  v10:1.07x  v34:1.07x  v19:1.07x  v24:1.06x
  t_start= 400: v0:1.08x  v10:1.07x  v34:1.06x  v24:1.05x  v46:1.05x
  t_start= 500: v0:1.08x  v10:1.07x  v34:1.06x  v24:1.05x  v46:1.05x
  t_start= 600: v0:1.08x  v10:1.07x  v34:1.06x  v24:1.05x  v36:1.05x
  t_start= 700: v0:1.08x  v10:1.07x  v34:1.06x  v36:1.05x  v24:1.05x
  t_start= 800: v0:1.08x  v10:1.07x  v34:1.06x  v36:1.05x  v24:1.05x

总耗时 1608s
已保存: probe_report.txt / probe.json
